\begin{center}
 \begin{tabular}{|l|l|l|l|l|l|l|l|l|l|l|l|l|l|l|l|l|l|l|l|l|l|l|l|l|l|c|c|c|c|c|c|c|c|c|c|c|c|c|c|c|c|c|c|c|c|c|c|c|c|c|c|}
\hline
& \textbf{0} & \textbf{1} & \textbf{2} & \textbf{3} & \textbf{4} & \textbf{5} & \textbf{6} & \textbf{7} & \textbf{8} & \textbf{9} & \textbf{10} & \textbf{11} & \textbf{12} & \textbf{13} & \textbf{14} & \textbf{15} & \textbf{16} & \textbf{17} & \textbf{18} & \textbf{19} & \textbf{20} & \textbf{21} & \textbf{22} & \textbf{23} & \textbf{24} & \textbf{25}\\\hhline{|=|=|=|=|=|=|=|=|=|=|=|=|=|=|=|=|=|=|=|=|=|=|=|=|=|=|=|}
\textbf{0} & 1.05035084846e-06 & 8.25310825377e-07 & 1.05803637649e-06 & 7.42821475667e-06 & -1.16886081666e-06 & -4.27645221528e-07 & 3.26557881999e-06 & 7.17413885224e-06 & 3.86691643592e-06 & 8.172733628e-06 & 3.42582573595e-06 & 3.28395336091e-06 & 2.32634195651e-06 & 1.03033142477e-06 & 1.39022056682e-06 & 2.09517024177e-06 & 1.53947216389e-06 & 6.5216060527e-06 & 3.07419226416e-06 & 1.21439534795e-07 & -3.15576067264e-06 & -2.58473932306e-07 & -4.70464853709e-06 & 2.43603492723e-06 & 2.96844441676e-06 & 2.05497917875e-06\\
\textbf{1} & 8.25310825377e-07 & 1.71638262622e-06 & -1.76373423604e-08 & -1.91483813444e-05 & 7.35100486218e-06 & 9.17232810703e-06 & 1.61022369741e-05 & -9.16224839083e-06 & 1.49424854274e-05 & 1.39276827918e-05 & 7.61775241609e-06 & 5.98985624018e-06 & 4.78201687839e-06 & 3.63093453031e-06 & 2.02390385453e-06 & 3.6507645445e-06 & 3.14304017893e-06 & 9.28810772813e-06 & 5.70905464197e-06 & 1.0921610055e-06 & -3.26357876814e-06 & 2.73933373103e-07 & -4.70205374674e-06 & 6.00193868156e-06 & 4.13757038529e-06 & 3.34088790734e-06\\
\textbf{2} & 1.05803637649e-06 & -1.76373423604e-08 & 3.26558177781e-05 & 5.55754911586e-05 & -1.05457436155e-05 & -1.05009565453e-05 & -7.96244207101e-06 & 7.11765306167e-05 & 1.63090871236e-05 & 2.80728601435e-05 & 2.30484626198e-05 & 2.28872979552e-05 & 2.00260498207e-05 & 1.74032527147e-05 & 1.32974628087e-05 & 1.85426059356e-05 & 1.91628023539e-05 & 2.19028242214e-05 & 2.68543996631e-05 & 1.538806372e-05 & 1.23075934732e-05 & 1.05611569192e-05 & 5.82487229568e-06 & 1.3104755743e-05 & 1.06571279488e-05 & 1.0458006471e-05\\
\textbf{3} & 7.42821475667e-06 & -1.91483813444e-05 & 5.55754911586e-05 & 0.000965489646568 & -0.000282939010412 & -0.000306257997558 & -0.000335307320281 & 0.000763260443522 & -0.000211057385795 & 2.58398348551e-05 & 9.10476143229e-06 & 1.39189426831e-05 & 2.10982424452e-07 & -3.03079580618e-05 & -7.69692199906e-06 & 8.57440230305e-06 & 1.00038863826e-07 & 9.4460414871e-06 & 9.66022739418e-06 & -4.6891233878e-06 & -1.53419875955e-05 & -1.0518471718e-06 & -2.33568460681e-05 & -1.42244904672e-06 & 1.06783650624e-06 & -3.33784497063e-06\\
\textbf{4} & -1.16886081666e-06 & 7.35100486218e-06 & -1.05457436155e-05 & -0.000282939010412 & 0.000132751093627 & 7.97339887822e-05 & 0.00011553669567 & -0.00020272813337 & 0.000126875802171 & 2.7877169834e-05 & 2.7680354039e-05 & 2.9037393813e-05 & 2.44405789879e-05 & 9.62953196849e-06 & 1.14376709984e-05 & 1.60668087803e-05 & 1.69209587025e-05 & 2.05212856654e-05 & 2.34045621494e-05 & 1.55104416395e-05 & 1.25507177425e-05 & 8.83112355043e-06 & 1.21475948155e-05 & 1.94530694917e-05 & 1.47905512837e-05 & 1.33758300255e-05\\
\textbf{5} & -4.27645221528e-07 & 9.17232810703e-06 & -1.05009565453e-05 & -0.000306257997558 & 7.97339887822e-05 & 0.000147795441064 & 0.00012831371691 & -0.000228464209905 & 0.000115662534513 & 4.66889906571e-05 & 3.51895054452e-05 & 2.8151668129e-05 & 2.91238328102e-05 & 3.78243117697e-05 & 1.53991919922e-05 & 2.28947772791e-05 & 2.40050827808e-05 & 3.33076133403e-05 & 3.28605722005e-05 & 2.15670348231e-05 & 1.61096378428e-05 & 1.34256205658e-05 & 6.78445523486e-06 & 2.70697484415e-05 & 1.45870241814e-05 & 1.65586512899e-05\\
\textbf{6} & 3.26557881999e-06 & 1.61022369741e-05 & -7.96244207101e-06 & -0.000335307320281 & 0.00011553669567 & 0.00012831371691 & 0.000313835477145 & -0.000158173527306 & 0.00043828647337 & 0.000297159342368 & 0.000177554659281 & 0.000153436643117 & 9.44609882442e-05 & -1.5926201768e-05 & -2.08777643801e-05 & 6.09353686168e-05 & 5.22096993929e-05 & 0.000156878403083 & 0.000110529030776 & -7.33545697424e-06 & -7.9353642311e-05 & -1.89068907359e-05 & -0.000115736998968 & 9.85479269286e-05 & 4.35815285874e-05 & 2.56379707085e-05\\
\textbf{7} & 7.17413885224e-06 & -9.16224839083e-06 & 7.11765306167e-05 & 0.000763260443522 & -0.00020272813337 & -0.000228464209905 & -0.000158173527306 & 0.000833996839646 & 0.000183583622776 & 0.000313431951726 & 0.00018624500473 & 0.000151951984846 & 6.88110021737e-05 & -5.58538514473e-05 & -9.08783375084e-05 & 4.93273771031e-05 & 3.08502474957e-05 & 9.77555234253e-05 & 0.00010902581728 & -1.40729203856e-06 & -7.43904450262e-05 & -3.39404627053e-05 & -8.05734925303e-05 & 0.000155386432279 & 1.62018911509e-05 & 1.33892042508e-05\\
\textbf{8} & 3.86691643592e-06 & 1.49424854274e-05 & 1.63090871236e-05 & -0.000211057385795 & 0.000126875802171 & 0.000115662534513 & 0.00043828647337 & 0.000183583622776 & 0.00242354145264 & 0.000778072773431 & 0.000526549826405 & 0.000743354475929 & 0.000245346758956 & -0.000849945298749 & -0.00078482324734 & 6.16645586055e-05 & 5.473169059e-05 & 0.000137990102017 & 0.000110960379081 & 6.3106785719e-06 & -5.488508337e-05 & -1.21338843254e-05 & -8.37537901399e-05 & 0.000103190796067 & 3.9801615569e-05 & 2.61746897022e-05\\
\textbf{9} & 8.172733628e-06 & 1.39276827918e-05 & 2.80728601435e-05 & 2.58398348551e-05 & 2.7877169834e-05 & 4.66889906571e-05 & 0.000297159342368 & 0.000313431951726 & 0.000778072773431 & 0.000719759090345 & 0.000428563109695 & 0.000359301914545 & 0.000217718280804 & -5.45114088072e-05 & 3.18467527943e-05 & 0.000132471586034 & 6.99238832675e-05 & 0.000266375968924 & 0.000233565338301 & -0.000119979537684 & -0.000165717653908 & -5.31249903707e-05 & -0.000249246659136 & 0.000232176429922 & 6.83583676033e-05 & 3.19337571724e-05\\
\textbf{10} & 3.42582573595e-06 & 7.61775241609e-06 & 2.30484626198e-05 & 9.10476143229e-06 & 2.7680354039e-05 & 3.51895054452e-05 & 0.000177554659281 & 0.00018624500473 & 0.000526549826405 & 0.000428563109695 & 0.000314966320424 & 0.000274297283988 & 0.000181279773118 & -7.53741447744e-06 & 6.24074722056e-05 & 0.000139354810142 & 0.000116272338149 & 0.000175135968948 & 0.000158086223607 & -3.67972868933e-05 & -6.46473363908e-05 & 3.31714399665e-05 & -9.59761510219e-05 & 9.74350163454e-05 & 3.14434221317e-05 & 2.39849471364e-05\\
\textbf{11} & 3.28395336091e-06 & 5.98985624018e-06 & 2.28872979552e-05 & 1.39189426831e-05 & 2.9037393813e-05 & 2.8151668129e-05 & 0.000153436643117 & 0.000151951984846 & 0.000743354475929 & 0.000359301914545 & 0.000274297283988 & 0.000320813456415 & 0.000178260874896 & -0.000143047365039 & -6.32736409849e-05 & 0.000128924444579 & 0.000117975067846 & 0.000154128213187 & 0.000144123294863 & 1.97614901527e-05 & -4.1556069381e-07 & 5.51169896569e-05 & -4.08803908912e-05 & 2.48801844073e-05 & 3.49282301527e-05 & 2.48918318077e-05\\
\textbf{12} & 2.32634195651e-06 & 4.78201687839e-06 & 2.00260498207e-05 & 2.10982424452e-07 & 2.44405789879e-05 & 2.91238328102e-05 & 9.44609882442e-05 & 6.88110021737e-05 & 0.000245346758956 & 0.000217718280804 & 0.000181279773118 & 0.000178260874896 & 0.000168623198759 & 8.32630747431e-05 & 0.00017503086417 & 0.00015802963383 & 0.00014896678381 & 0.000190288937454 & 0.000198460479054 & 5.38534706935e-05 & 5.76260428995e-05 & 6.627872779e-05 & -2.01159540645e-05 & -2.05431280205e-06 & 3.86180552172e-05 & 2.54946352435e-05\\
\textbf{13} & 1.03033142477e-06 & 3.63093453031e-06 & 1.74032527147e-05 & -3.03079580618e-05 & 9.62953196849e-06 & 3.78243117697e-05 & -1.5926201768e-05 & -5.58538514473e-05 & -0.000849945298749 & -5.45114088072e-05 & -7.53741447744e-06 & -0.000143047365039 & 8.32630747431e-05 & 0.000852042703402 & 0.000375363178106 & 0.000192720740802 & 0.000183461700334 & 0.000228436721851 & 0.00025479961312 & 7.37257465865e-05 & 8.1301175214e-05 & 8.23635566275e-05 & -1.61449220954e-05 & -1.74929133662e-05 & 4.00237684436e-05 & 2.50050739623e-05\\
\textbf{14} & 1.39022056682e-06 & 2.02390385453e-06 & 1.32974628087e-05 & -7.69692199906e-06 & 1.14376709984e-05 & 1.53991919922e-05 & -2.08777643801e-05 & -9.08783375084e-05 & -0.00078482324734 & 3.18467527943e-05 & 6.24074722056e-05 & -6.32736409849e-05 & 0.00017503086417 & 0.000375363178106 & 0.000971837422197 & 0.000217424190311 & 0.000168022532852 & 0.000187572086981 & 0.000251856732712 & -3.53209122094e-05 & 0.000112631779776 & 9.04001227906e-05 & -2.18295269325e-06 & -4.41856717003e-05 & 3.59661657667e-05 & 1.88518463759e-05\\
\textbf{15} & 2.09517024177e-06 & 3.6507645445e-06 & 1.85426059356e-05 & 8.57440230305e-06 & 1.60668087803e-05 & 2.28947772791e-05 & 6.09353686168e-05 & 4.93273771031e-05 & 6.16645586055e-05 & 0.000132471586034 & 0.000139354810142 & 0.000128924444579 & 0.00015802963383 & 0.000192720740802 & 0.000217424190311 & 0.00022375164496 & 0.00021845390994 & 0.000260015474943 & 0.000255506079921 & 0.000151235592376 & 9.4227055235e-05 & 0.000115824780951 & -8.6092096155e-06 & -4.08432450332e-05 & 3.2518015025e-05 & 1.65851739886e-05\\
\textbf{16} & 1.53947216389e-06 & 3.14304017893e-06 & 1.91628023539e-05 & 1.00038863826e-07 & 1.69209587025e-05 & 2.40050827808e-05 & 5.22096993929e-05 & 3.08502474957e-05 & 5.473169059e-05 & 6.99238832675e-05 & 0.000116272338149 & 0.000117975067846 & 0.00014896678381 & 0.000183461700334 & 0.000168022532852 & 0.00021845390994 & 0.00033088224345 & 0.000281445607316 & 0.000242013774732 & 0.000239056558628 & 0.000105344790099 & 0.000118918571542 & 6.18598850783e-06 & -5.87528205481e-05 & 3.07970532511e-05 & 2.15562009417e-05\\
\textbf{17} & 6.5216060527e-06 & 9.28810772813e-06 & 2.19028242214e-05 & 9.4460414871e-06 & 2.05212856654e-05 & 3.33076133403e-05 & 0.000156878403083 & 9.77555234253e-05 & 0.000137990102017 & 0.000266375968924 & 0.000175135968948 & 0.000154128213187 & 0.000190288937454 & 0.000228436721851 & 0.000187572086981 & 0.000260015474943 & 0.000281445607316 & 0.000629078465821 & 0.000503224893818 & 0.000295662608404 & 2.98999711794e-05 & 5.88236576847e-05 & -0.000230115441476 & -2.05381602115e-05 & 7.82105465302e-05 & 8.27526516464e-06\\
\textbf{18} & 3.07419226416e-06 & 5.70905464197e-06 & 2.68543996631e-05 & 9.66022739418e-06 & 2.34045621494e-05 & 3.28605722005e-05 & 0.000110529030776 & 0.00010902581728 & 0.000110960379081 & 0.000233565338301 & 0.000158086223607 & 0.000144123294863 & 0.000198460479054 & 0.00025479961312 & 0.000251856732712 & 0.000255506079921 & 0.000242013774732 & 0.000503224893818 & 0.000708413158914 & 0.000350609363692 & 0.000190739914153 & 3.83019386466e-05 & -0.000122605169561 & -6.269474832e-07 & 3.5801766846e-05 & 9.56012039239e-07\\
\textbf{19} & 1.21439534795e-07 & 1.0921610055e-06 & 1.538806372e-05 & -4.6891233878e-06 & 1.55104416395e-05 & 2.15670348231e-05 & -7.33545697424e-06 & -1.40729203856e-06 & 6.3106785719e-06 & -0.000119979537684 & -3.67972868933e-05 & 1.97614901527e-05 & 5.38534706935e-05 & 7.37257465865e-05 & -3.53209122094e-05 & 0.000151235592376 & 0.000239056558628 & 0.000295662608404 & 0.000350609363692 & 0.000488676985447 & 0.00021990371856 & 9.30464121463e-05 & 4.78632319032e-05 & -7.02522540949e-05 & 1.47933813837e-05 & 4.67508263104e-06\\
\textbf{20} & -3.15576067264e-06 & -3.26357876814e-06 & 1.23075934732e-05 & -1.53419875955e-05 & 1.25507177425e-05 & 1.61096378428e-05 & -7.9353642311e-05 & -7.43904450262e-05 & -5.488508337e-05 & -0.000165717653908 & -6.46473363908e-05 & -4.1556069381e-07 & 5.76260428995e-05 & 8.1301175214e-05 & 0.000112631779776 & 9.4227055235e-05 & 0.000105344790099 & 2.98999711794e-05 & 0.000190739914153 & 0.00021990371856 & 0.000327001278186 & 7.91085660499e-05 & 0.000193397415568 & -8.73362247104e-05 & -9.53752723301e-06 & 1.45514170617e-05\\
\textbf{21} & -2.58473932306e-07 & 2.73933373103e-07 & 1.05611569192e-05 & -1.0518471718e-06 & 8.83112355043e-06 & 1.34256205658e-05 & -1.89068907359e-05 & -3.39404627053e-05 & -1.21338843254e-05 & -5.31249903707e-05 & 3.31714399665e-05 & 5.51169896569e-05 & 6.627872779e-05 & 8.23635566275e-05 & 9.04001227906e-05 & 0.000115824780951 & 0.000118918571542 & 5.88236576847e-05 & 3.83019386466e-05 & 9.30464121463e-05 & 7.91085660499e-05 & 0.00021053289345 & 6.53405539565e-05 & -7.92357889077e-05 & 3.09759380586e-05 & 2.52766532166e-05\\
\textbf{22} & -4.70464853709e-06 & -4.70205374674e-06 & 5.82487229568e-06 & -2.33568460681e-05 & 1.21475948155e-05 & 6.78445523486e-06 & -0.000115736998968 & -8.05734925303e-05 & -8.37537901399e-05 & -0.000249246659136 & -9.59761510219e-05 & -4.08803908912e-05 & -2.01159540645e-05 & -1.61449220954e-05 & -2.18295269325e-06 & -8.6092096155e-06 & 6.18598850783e-06 & -0.000230115441476 & -0.000122605169561 & 4.78632319032e-05 & 0.000193397415568 & 6.53405539565e-05 & 0.00036421038724 & -4.91119151431e-05 & -1.44309539999e-05 & 4.79866150355e-05\\
\textbf{23} & 2.43603492723e-06 & 6.00193868156e-06 & 1.3104755743e-05 & -1.42244904672e-06 & 1.94530694917e-05 & 2.70697484415e-05 & 9.85479269286e-05 & 0.000155386432279 & 0.000103190796067 & 0.000232176429922 & 9.74350163454e-05 & 2.48801844073e-05 & -2.05431280205e-06 & -1.74929133662e-05 & -4.41856717003e-05 & -4.08432450332e-05 & -5.87528205481e-05 & -2.05381602115e-05 & -6.269474832e-07 & -7.02522540949e-05 & -8.73362247104e-05 & -7.92357889077e-05 & -4.91119151431e-05 & 0.000395014341779 & 7.48934467605e-05 & 6.37580099285e-05\\
\textbf{24} & 2.96844441676e-06 & 4.13757038529e-06 & 1.06571279488e-05 & 1.06783650624e-06 & 1.47905512837e-05 & 1.45870241814e-05 & 4.35815285874e-05 & 1.62018911509e-05 & 3.9801615569e-05 & 6.83583676033e-05 & 3.14434221317e-05 & 3.49282301527e-05 & 3.86180552172e-05 & 4.00237684436e-05 & 3.59661657667e-05 & 3.2518015025e-05 & 3.07970532511e-05 & 7.82105465302e-05 & 3.5801766846e-05 & 1.47933813837e-05 & -9.53752723301e-06 & 3.09759380586e-05 & -1.44309539999e-05 & 7.48934467605e-05 & 9.37562850219e-05 & 5.50808117682e-05\\
\textbf{25} & 2.05497917875e-06 & 3.34088790734e-06 & 1.0458006471e-05 & -3.33784497063e-06 & 1.33758300255e-05 & 1.65586512899e-05 & 2.56379707085e-05 & 1.33892042508e-05 & 2.61746897022e-05 & 3.19337571724e-05 & 2.39849471364e-05 & 2.48918318077e-05 & 2.54946352435e-05 & 2.50050739623e-05 & 1.88518463759e-05 & 1.65851739886e-05 & 2.15562009417e-05 & 8.27526516464e-06 & 9.56012039239e-07 & 4.67508263104e-06 & 1.45514170617e-05 & 2.52766532166e-05 & 4.79866150355e-05 & 6.37580099285e-05 & 5.50808117682e-05 & 9.45530825001e-05\\
\hline
\end{tabular}
\end{center}